000000000000000
000000000000000
<<<<<<< HEAD
000000000000000
010000010000000
000000000000001
000220000000000
000000000000000
200000040002200
000000040000000
000400000000000
000400000000000
000000000000000
000000000000000
000000000000000
000000000000000
000000000000000
=======
000000000001000
000000000002000
000000010002000
000000020002000
000000050002001
000000020000000
000000020000000
000001020000000
000022220005522
003020000002000
000020030002000
000020000000000
000020000000000
>>>>>>> b2fcd0be945d07866a34cff9663536fab150b88e
000000000000000
000000000000000
000000000000000
000000000000000
000000000000000
000000000000000
000000000000000
000000000000000
000000000000000
000000000000000